1.3594652170494608;0.6635404880529344;0.39990697141024817;0.6557220356191594;0.7744409107273544;0.502239548611374;0.1420702852221964;0.3815754405198329;-0.6921182151685812;-0.31462707907202525;-0.19130911494073308;0.08964577453056427;-2.0832177136316545;-0.9927046579387921;-0.48642080408852795;-0.9414978018154533;0.2574082622502991;0.3274457210977288;0.1858515685657359;-0.037416837001121014;0.1555073415740254;0.018755271734579092;-0.025166821875222765;-0.03585037248691315;-0.026234853191479703;-0.019231213336105203;-0.061728443208883876;-0.013176829305095237;0.02493037504984126;0.00474920924913975;-0.07763572301712177;-0.0474828115788391;-0.08546980672905594;-0.06006588133505778;0.05911673787193954;-0.013296233048469497;-0.10826168366601865;0.09639152659879847;0.1495727638712468;0.0645774468286925;-0.19586876648550808;-0.0424970951461626;-0.016618961132254976;-0.06410299473885539;0.0021370769743528587;-0.030626413105349908;0.03027076313216962;-0.003204969474301938;0.2041775056372992;0.09710338481705996;0.09924035562608662;-0.0743110589210817;0.10754976229831524;-0.033475505436654146;-0.026115563873118797;0.03751182956271863;-0.004274214247453964;-0.14719912721436834;-0.03561289259056908;0.09591688431767678
0.6635404880529344;0.9739037266106476;0.5601652544628346;0.41735700381509283;0.47149431717211415;0.8334411849686886;0.41481669522518677;0.24510863527326443;-0.4262124171151771;-0.1662881306935362;-0.04838506957909575;0.021078444738957827;-1.0625037087299638;-1.7541661031910785;-0.8683795772563787;-0.5196572904237917;0.11448412763021629;0.15536507337340236;0.019659848194535447;-0.044822502528853156;0.02160413990354462;0.08665775861186956;-0.038699506860656485;-0.027540778418960625;-0.018162837115980802;-0.0446347045997946;-0.014244650307342089;-0.04332888346029977;0.06529080529079401;0.007122646308312697;-0.08950737978363772;-0.007121287511320713;-0.019468178835302694;-0.096153162432822;0.017330731728837465;-0.001424858139498874;-0.08452047327117458;0.08831924428317905;0.12583106653527185;0.07265030807498171;-0.031100964806632794;0.07953626748010315;0.00949711414935591;-0.023741899342130623;-0.009733693153895216;-0.056742386476141646;-0.031220509735272725;-0.043328803032661664;-0.014246946679098968;0.09567871194259715;-0.0042736145622015356;-0.11847103783857542;0.012108038340759452;-0.0861822952024204;-0.009021658724493195;-0.0023746069651065845;0.09923963000848779;-0.06742690220344896;0.08309641170063575;0.11870914510014052
0.39990697141024817;0.5601652544628346;1.2663773787723227;0.700091489446368;0.14207032028464942;0.4314361965383736;0.6705543818964618;0.34932882866151255;-0.4721799298641496;-0.6598832480581067;-0.1536597242493315;-0.2980071574960733;-0.40000091961920503;-0.7138251988936943;-1.5197843349360005;-0.789919947082619;0.35204286152959763;0.13376319946590837;-0.006835605476078084;0.008359183206981478;-0.03359526101963889;-0.055081365867890884;-0.22317391340769288;-0.09342363033162912;0.026827727290274744;-0.02920286326785999;-0.014956798890296372;-0.02041781013864021;0.07644986220032757;0.2564125780229125;-0.023743285120598576;0.14957334115956916;-0.03656166252305586;-0.05294231636976102;0.09377898936755055;0.03846067805248224;-0.15978126069547094;0.01946819209030395;0.08998066484448855;-0.008071865395374554;-0.011277104803278723;0.004155228935043326;0.14838500961420198;-0.028253287104192754;-0.061728373118753246;-0.03228886022468471;-0.03585113465833829;-0.01875656273598421;0.004272918147909095;0.02659033406098152;-0.06884966308865122;-0.10351390525200534;0.06885034713861618;-0.057454594456564916;-0.04676985363422982;-0.02160573559646451;0.1068377473709351;-0.08333347852783529;0.07882417857871753;0.1317667893545784
0.6557220356191594;0.41735700381509283;0.700091489446368;1.8447077004664056;0.39819340043637214;-0.012487022437557366;0.35182093711029416;0.6630668286104967;-0.5951615380873695;-0.5938277390362793;-0.552520692414825;-0.6332889049884038;-0.9065983192161823;-0.16733610151654615;-0.8264844619580471;-1.7225166637199787;0.5847100800296706;0.4171893959989152;0.08291115148759186;-0.10554857964517712;-0.057930076279462166;-0.035968960465174414;-0.09057444749755728;-0.2920229769167767;-0.03027071224543264;0.04522772628198494;-0.019348988686192874;-0.033356655552352295;0.06457925574780898;0.13770181583661248;0.01661872522247707;0.31101634106866116;-0.022316608845907516;-0.09710263950919941;0.07905947834464166;0.08309403634690765;-0.18352258910930236;-0.03181437000432539;0.11372230953655924;0.04320933672602985;-0.058761109524542825;-0.029083755671106905;-0.04534731342791841;-0.2647208306687979;-0.0021366399686324287;0.04867035420200367;-0.021605416135247107;-0.01875558327740026;0.09069382291597598;0.08214663247355632;0.2587860846753583;-0.005223061282532472;0.08594432210050895;-0.09734007478256013;0.00023818456561228236;0.06813740466508203;-0.05935422826086841;-0.16025679245254867;0.0161445182282523;0.1118234816258056
0.7744409107273544;0.47149431717211415;0.14207032028464942;0.39819340043637214;1.0902309503939849;0.6269745442522278;0.3392436677553463;0.4778946269757191;-0.1464384680206088;0.20114003177530385;0.345390739480485;0.4428714482262714;-1.885448122055832;-1.0791201673199529;-0.40996962294893224;-0.6473374926917387;-0.163625987054646;-0.2747381267998761;-0.27606432166614064;-0.4272026489221009;-0.007004064510818246;-0.009734405031576616;0.03371295833446924;-0.02196106854938636;-0.16856666922062488;-0.056030734836798504;-0.0097342108648819;-0.02991501561005753;0.11775947613129611;-0.03941103821858386;-0.14767334249146022;-0.007597230255095191;0.14007595665140102;0.06813926281954075;-0.05009512777273667;-0.0584049084575612;-0.04866971416003718;0.0759736812697548;0.0671893127581488;0.1519468820150076;-0.014600844969588784;-0.008665353899290122;-0.06172837373432854;-0.00854689993289648;0.14838660434307002;-0.028252143021537758;-0.021367482377383507;0.030389437508439678;0.05175633542613768;0.16619172129749546;0.08309578845888431;-0.11490982176434372;-0.12298221956523067;0.02896521721819998;0.08190915371869564;-0.07336199127137734;-0.06885240342849887;-0.05911724214824383;-0.01614456644120114;0.00783508458299808
0.502239548611374;0.8334411849686886;0.4314361965383736;-0.012487022437557366;0.6269745442522278;1.6685784751695958;0.639933154871527;0.3284420654748115;-0.1364672925640383;0.11713802955343691;0.5115809151372381;0.7063574713746716;-0.9760804091149635;-2.317549905987951;-0.8866569949636114;-0.14074011329730637;-0.5624843958637074;-0.43717461218077475;-0.45222800521736095;-0.4442528343246734;-0.00866626060570923;-0.025403873253398677;-0.023029997698089003;0.05211274987731033;-0.05318185244592123;-0.23741699540218286;-0.03276321976746534;-0.01210859290346359;0.14150093254230894;0.01614492158474579;-0.17141545650649545;-0.06315208607951356;0.10873692689728515;0.12939323062695549;-0.027778345809073044;-0.1106363440363812;-0.008309507554243475;0.20655263645009128;0.0553180502896835;0.06410308379355623;-0.03169475235995497;-0.04000446453220001;-0.025878600260420652;0.04867035481757896;-0.04534616756221775;-0.2647194029395914;-0.08499556756620623;-0.018993725488446023;0.04320908033489616;0.1433997353339084;-0.035612269348817595;-0.19468163486706014;-0.05033267032588777;0.1443496726729186;0.10185218309334526;-0.11039934554066352;0.2587835126087757;0.013532643978716105;0.1111119043647972;0.03774951358652971
0.1420702852221964;0.41481669522518677;0.6705543818964618;0.35182093711029416;0.3392436677553463;0.639933154871527;0.997143938256815;0.4059305035521308;-0.003607606657382401;-0.06068344306813909;0.25740126056595736;0.3872725012713999;-0.3135784657715992;-0.9082643811029665;-1.3751969069797711;-0.4110017502503868;-0.39406719978987126;-0.30921176881091733;-0.43950497324635807;-0.3910708300499234;-0.061728546933318425;-0.014244650167247535;-0.024216173037133623;-0.021604555340920643;-0.007478830529932145;-0.02065493050874054;0.1412645163217389;0.01578828488010829;0.14838619760660474;0.06600135326293302;-0.089981671055533;0.09354205982719035;0.09164322563718674;0.02065608677938806;-0.08428406934595277;-0.07075093159783798;-0.0849949785858741;-0.09021963162771954;0.009496433263548893;-0.016619188848488654;0.030270763747744903;-0.026946929766090196;-0.024098994716395594;-0.020537011396169154;-0.02670940160117112;-0.08535167077851984;-0.19587087413887122;-0.04249876614840558;-0.01187093367851827;0.1118235412737508;0.016145852565432904;-0.16025633807406234;-0.060542002008015676;0.06908882312955988;0.12630691504653518;-0.07787355829363468;0.12630607352030304;0.001899437316032447;0.2041812858212298;0.046533788179264866
0.3815754405198329;0.24510863527326443;0.34932882866151255;0.6630668286104967;0.4778946269757191;0.3284420654748115;0.4059305035521308;0.6115730895597006;-0.10332168681589618;-0.021555333872171054;0.16766084669521303;0.1786332282885607;-0.7487148804515004;-0.4432096481681719;-0.607109734372694;-1.0095612790386577;-0.17137219511764498;-0.19496710743692497;-0.17360033422281188;-0.33580189411476935;-0.015313593069360035;-0.043328779735865214;-0.02053635540872507;-0.04261577370477091;-0.02350486979680044;-0.009853097689430487;0.01863745349226839;0.0724110120097911;0.12464485921457923;0.06980023786985212;-0.06623950439659355;0.08974285228391503;0.05128290520268314;0.03110272221774439;-0.03015226354659661;-0.09496763021027363;-0.09686490079616539;-0.02849030289845776;0.049857247375722696;-0.03561221841351705;-0.007478549443484473;-0.04332880364823696;-0.01982496747506217;-0.03050772321934295;0.030745540720753285;-0.01365180626465841;-0.03110263759192145;0.0795339071435082;0.059354452788584956;0.13176644548824018;0.078822844241537;-0.08333364868792853;-0.040599116469358376;0.03205229534781419;0.0565061891209293;-0.10493954587382968;-0.031338735596706975;-0.06790096862797268;-0.014242915085539798;0.019467743132675398
-0.6921182151685812;-0.4262124171151771;-0.4721799298641496;-0.5951615380873695;-0.1464384680206088;-0.1364672925640383;-0.003607606657382401;-0.10332168681589618;1.1335372505370171;0.6980138216179398;0.47046584878484116;0.36563277829003976;0.7132006284440741;0.11491497583863472;0.2773051898841056;0.4235509391378994;-0.8571900347553466;-0.491931928726598;-0.1656244016359964;-0.10636791312340756;0.010685712524468894;0.0652907198001216;0.10042897706893485;0.08855861291958944;0.09235594538861995;0.11609727320807638;0.14838617622279227;0.12464498064423532;0.11396031037589756;-0.07597563546268801;0.03418790540059411;0.018989141229090834;-0.03323807041300846;-0.01899309041972736;-0.151947210473742;-0.08072222683498119;0.0028493055574846955;-0.20892785296291924;-0.18518572953937487;-0.16144524423346476;0.17568719220612147;0.014243366752078865;0.002848409977881833;0.09211833108600323;0.05033182526079191;0.04463359050024191;-0.01187090421580941;0.0593544233258761;-0.1899305589582002;-0.08167055684312671;-0.09496674106388503;0.08167055684312674;-0.20512875715387976;0.20512875715387976;0.05223149846276956;-0.05223149846276958;-0.09496541576103382;0.1377025288608262;-0.04748351911006668;-0.13770252886082623
-0.31462707907202525;-0.1662881306935362;-0.6598832480581067;-0.5938277390362793;0.20114003177530385;0.11713802955343691;-0.06068344306813909;-0.021555333872171054;0.6980138216179398;1.424699763642624;0.5085424742670965;0.5641990036970799;-0.025165378874961977;-0.5033149013137055;0.49382938220431766;0.333804899503807;-0.7811054889359588;-0.8093094544898113;-0.2260224657916846;-0.179584743055225;0.009497609531130241;0.05104496255300393;0.2291093651345262;0.1377020222241433;-0.03181361984745037;0.02540413900611314;0.07051224838932531;0.072649348571232;-0.007124562008660761;-0.3133925244943849;-0.0213654405782245;-0.15669615553683802;0.09021811653834833;0.251660391291481;-0.21367463358528588;-0.07122409509297312;0.17806243663430496;-0.1006648067036284;-0.1495724340474197;-0.05033236797874279;0.1213197115323681;0.1084988723135947;0.013769429310864926;0.10778752478145767;0.16619168482784116;0.11775874145607927;0.08760712733778762;0.13176643716948244;-0.15574423126023534;0.15669417045093842;-0.010445803168359486;0.014244932991868721;-0.1923070481082103;0.009971473849174978;-0.009971756078208925;-0.09259167562985879;-0.23266843696170522;0.014245181061756238;-0.17094067791789497;-0.18518565795874117
-0.19130911494073308;-0.04838506957909575;-0.1536597242493315;-0.552520692414825;0.345390739480485;0.5115809151372381;0.25740126056595736;0.16766084669521303;0.47046584878484116;0.5085424742670965;1.4526011187309678;0.5750162961528398;-0.14482254908321088;-0.5303830140226004;-0.16095876845697926;0.3043666623314232;-0.7639096953057067;-0.91404930349554;-0.6976092473043257;-0.4354189832937136;-0.08974374232909897;-0.10161558514793818;-0.021369103595448947;0.03323837063528247;-0.13722674938637983;-0.1609690636119678;-0.060779377693231565;-0.03703693971418021;0.10826203536464564;0.03324062733701861;-0.2564102511411372;-0.06172809497933274;0.16144300627456623;0.23266855452134935;-0.0617282536278799;-0.04748270902657644;0.23646714628957097;0.16619284483725;-0.05413072230768074;0.11870800730116933;0.09781581671974265;-0.0028490756558575774;-0.026114599412623788;0.216051020999331;0.08309578718528028;-0.0356122680752136;0.014721316227523682;0.08024738057944619;-0.09496674106388506;0.057929776408259435;-0.1899364215867071;-0.05792977640825942;-0.13770116899865795;0.13770116899865786;0.17473678938621298;-0.17473678938621304;-0.04748351911006668;0.17094016895283956;-0.09496869680696983;-0.1709401689528396
0.08964577453056427;0.021078444738957827;-0.2980071574960733;-0.6332889049884038;0.4428714482262714;0.7063574713746716;0.3872725012713999;0.1786332282885607;0.36563277829003976;0.5641990036970799;0.5750162961528398;2.0229731791158088;-0.5033151906754905;-0.6633329311752236;-0.025163524162687946;0.4938250572528619;-1.4325703257413716;-0.7778704573494849;-0.704651614581801;-0.8093050767685194;0.01068398172263467;-0.002373202255292463;0.14957294744610683;0.2694682754103005;0.0016620150157456975;-0.055554911094111335;0.096390869745757;0.09425371786270273;0.08784058683023392;-0.15669581217319123;-0.11633321983323963;-0.3133897025136304;0.26590576356557033;0.16144198325767142;-0.14244967862999544;-0.22791715128904497;0.22554484744580583;-0.05033219629692176;-0.19705564807829082;-0.10066346613881084;-0.08713121929207925;-0.1426873645538835;-0.12915479755990666;0.007597843467584131;-0.08926882788651458;-0.19468159839740584;-0.16025632975530463;-0.059117234751965404;0.15574423126023537;0.09971451018518514;0.01044580316835951;-0.2706536136279923;-0.08119581470679972;0.26353138896583495;0.16381690287604642;-0.06125347116797862;0.23266843696170525;0.24216555364253364;0.17094067791789494;-0.07122507674554873
-2.0832177136316545;-1.0625037087299638;-0.40000091961920503;-0.9065983192161823;-1.885448122055832;-0.9760804091149635;-0.3135784657715992;-0.7487148804515004;0.7132006284440741;-0.025165378874961977;-0.14482254908321088;-0.5033151906754905;4.363015092681458;2.0931919211387;0.7966757187963344;1.6218387971425006;-0.41358189234879067;-0.19800761978181258;-0.1548010593325866;0.22791407048468734;-0.12939200201320006;-0.032763554625051663;-0.044159223614253194;-0.021604662478481345;0.18162388438906013;0.10018994436347695;0.08879402935810668;0.056743188150671205;-0.08784425346205574;0.0997149594284315;0.17331420221241722;0.2564095526802558;-8.322579552464456E-08;-0.03418786963750082;-0.01139606531938036;0.04558401818267656;0.002374389531860795;-0.16619196319534402;-0.20180468995555556;-0.2754038007703385;0.1488603078468513;0.016381444420540035;0.06885038436818464;0.08024648129095219;-0.16429287846452836;-0.04463481404204411;-0.06054199470389902;-0.04487252099958952;-0.2222223842834105;-0.19230713573217142;-0.13770119996421643;0.009971911968876219;-0.014245146964837037;0.048432208544892726;-0.014244736652251727;-0.019943007579352523;0.3029445543751173;0.19230884461163236;0.11396124983790187;-0.06695156787864806
-0.9927046579387921;-1.7541661031910785;-0.7138251988936943;-0.16733610151654615;-1.0791201673199529;-2.317549905987951;-0.9082643811029665;-0.4432096481681719;0.11491497583863472;-0.5033149013137055;-0.5303830140226004;-0.6633329311752236;2.0931919211387;4.482680348514968;1.6218481797297335;0.6770197963832943;0.4506096062082817;0.22791554073119252;0.16428815412059403;0.24073848796528305;-0.06338960792518948;-0.14007535729243473;-0.062201404857829344;-0.10469981474083569;0.0695638157100574;0.17094132945208845;0.0161452779842362;0.028253854910579954;-0.10208902647172373;0.27065336368359066;0.24453932172163886;0.1709383973252811;-0.05128163591676366;-0.08546926354931036;0.06267746703941726;0.07407343242665654;-0.01187023277124375;-0.26116098762527584;-0.13058040380444544;-0.09496852529849437;-0.03774891151643475;-0.12749284075095652;-0.051756753647008186;-0.0973401120121286;0.023267360934356295;0.1856603315722163;0.07336222765979104;0.032052288043697516;0.22222238428341046;-0.0811962528265009;0.13770119996421645;0.26353147658979603;0.06552574442919021;-0.0997128060092462;-0.03703689090281689;0.0712246351344211;-0.30294455437511725;-0.004272910068302906;-0.1139612498379019;-0.12108436666468143
-0.48642080408852795;-0.8683795772563787;-1.5197843349360005;-0.8264844619580471;-0.40996962294893224;-0.8866569949636114;-1.3751969069797711;-0.607109734372694;0.2773051898841056;0.49382938220431766;-0.16095876845697926;-0.025163524162687946;0.7966757187963344;1.6218481797297335;2.674420711692436;1.18905337376778;-0.04511076312575898;-0.10446890907833532;0.12819821808280188;0.1343736281702171;0.06196589258907874;0.021841699490999726;0.12345642043965256;0.07763507030535843;-0.042497610451065475;-0.018518987083466186;-0.11158726131539208;-0.0268281667622289;-0.15432145034057165;-0.21367472146397867;0.011871155090656582;-0.142449937553693;-0.017094273311094102;0.05128156538822827;-0.02848976887833536;-0.005697523198798792;0.18281120761336236;0.20418062858780953;-0.040360571037673376;0.06647663189115144;-0.026115558398743355;-0.014719787793093657;-0.07668401319694267;0.004511829807003968;0.0819091890421063;0.09757863591947027;0.156221813724137;0.062204402204947974;0.052231528969832935;-0.061253484540817534;0.15764225511097968;0.16381690555061473;-0.014244735633369665;-0.019943012673761515;-0.01424443863903009;0.04843355224927568;-0.1709407454258622;0.004273743400858081;-0.2668595346012413;-0.16381854507636462
-0.9414978018154533;-0.5196572904237917;-0.789919947082619;-1.7225166637199787;-0.6473374926917387;-0.14074011329730637;-0.4110017502503868;-1.0095612790386577;0.4235509391378994;0.333804899503807;0.3043666623314232;0.4938250572528619;1.6218387971425006;0.6770197963832943;1.18905337376778;2.794056151307989;-0.52374053022411;-0.4240282220533114;-0.6030477438566976;-0.1044668423735043;-0.018757072370375768;0.0014239960495440133;0.04700774719136819;0.11277081278652462;-0.059117299928365195;-0.10303907035515629;-0.05745558518588899;-0.12227028217158854;-0.0830962093913374;-0.07122392443003878;-0.002373739359023994;-0.1994266286047232;0.06837599245365314;0.06837556779858267;-0.022791632841701524;-0.11395992741053405;0.2540355752917088;0.13770264501480572;-0.054605274868014385;0.21842431033056103;0.043209958631319115;-0.0023746124394820357;-0.025879380837856212;0.0980515642277949;-0.06908844409750234;-0.11039938086407415;-0.08357177137765334;-0.1348544445514315;-0.05223152896983296;-0.09259167830442723;-0.15764225511097976;-0.00997174270537001;-0.03703688580840788;0.07122463411553906;0.06552811414897373;-0.09971722775921923;0.17094074542586218;0.23504399334684836;0.2668595346012412;-0.07549919167134182
0.2574082622502991;0.11448412763021629;0.35204286152959763;0.5847100800296706;-0.163625987054646;-0.5624843958637074;-0.39406719978987126;-0.17137219511764498;-0.8571900347553466;-0.7811054889359588;-0.7639096953057067;-1.4325703257413716;-0.41358189234879067;0.4506096062082817;-0.04511076312575898;-0.52374053022411;2.0907979073641005;0.8741748502975187;0.7097839749439444;0.6747468380092847;-0.08760625919383681;-0.06386514894672568;-0.17022761066954428;-0.19396885315755483;-0.06528855839098559;-0.010683746306668424;-0.12274426214695817;-0.13461416960466657;-0.08831893356549815;0.1899332324482314;0.2478632189475668;0.23741549985191185;-0.09496638054691164;-0.08072147739765198;0.19468211597142468;0.2659063401145977;-0.2849000577352326;0.03798625402874092;0.09116756414776536;0.1329512321519959;-0.0028497331202824334;0.09781514888131623;0.10683774694640047;-0.059354227836333776;-0.026117342299679547;0.21604845147995638;0.12773055377717857;-0.032763215853582495;-0.09496541576103382;-0.2326684650064687;-0.04748351911006667;0.23266846500646876;0.31434019670354063;-0.3143401967035405;-0.17094071623485518;0.17094071623485518;-0.18993110918027695;-0.10826194375936002;-0.09496733792359605;0.10826194375935999
0.3274457210977288;0.15536507337340236;0.13376319946590837;0.4171893959989152;-0.2747381267998761;-0.43717461218077475;-0.30921176881091733;-0.19496710743692497;-0.491931928726598;-0.8093094544898113;-0.91404930349554;-0.7778704573494849;-0.19800761978181258;0.22791554073119252;-0.10446890907833532;-0.4240282220533114;0.8741748502975187;1.4778740872184946;0.7312415318778913;0.5907881101423356;0.09354261491926974;0.08380836187159535;0.010208961954127991;-0.03941164403366786;0.07597378784918521;0.1626305483503394;-0.06291636074789898;-0.0332386155564896;-0.20655372716856019;-0.08926890451753339;0.17806372458167488;-0.04463433163064073;-0.16619213334883803;-0.26116089872771375;0.22317399647639613;0.1471992564485854;-0.049858159719141475;-0.06647656306816241;0.07834816230602674;-0.03323807623855452;-0.14719912080177452;-0.04178576670085923;-0.05911678125743064;-0.16025675781264168;-0.08333392655524982;0.014957045995970395;0.0004749204196917207;-0.09354210548907545;0.13770255889241492;-0.07122508183996937;0.17094014252980202;0.242165554661418;0.19230884448427202;-0.06695156724184637;-0.07549876628767775;0.23504390827009528;-0.034187470537792294;-0.2706565334791481;0.010445528819181156;0.09971537393061973
0.1858515685657359;0.019659848194535447;-0.006835605476078084;0.08291115148759186;-0.27606432166614064;-0.45222800521736095;-0.43950497324635807;-0.17360033422281188;-0.1656244016359964;-0.2260224657916846;-0.6976092473043257;-0.704651614581801;-0.1548010593325866;0.16428815412059403;0.12819821808280188;-0.6030477438566976;0.7097839749439444;0.7312415318778913;1.213293874156552;0.6647614509021941;0.14957288565750995;0.12583104499862996;0.06552670649197076;0.0892684233973874;0.0930679590477884;0.08119656741464754;0.009496432913309805;0.06410268246931587;-0.18518572957758325;-0.14719822432256213;0.025641444195514465;-0.19468169655541745;-0.2041790998060627;-0.13295449869268194;0.01899386011890906;0.03323914023837631;-0.005698711514361148;0.004748754096928414;0.1994312051018285;-0.0902191456734479;-0.03561286397692958;0.08309638308699628;0.08024868757658746;0.014720009230382412;-0.01472005714615148;0.10968739506974753;0.17569097493726005;0.014247395798429922;-0.047483519110066666;-0.17094064966086536;-0.09496869680696982;0.17094064966086533;0.11396122095255679;-0.11396122095255679;-0.2554630893928263;0.2554630893928262;-0.09496733792359605;-0.05793096537495056;-0.18993837073568995;0.05793096537495056
-0.037416837001121014;-0.044822502528853156;0.008359183206981478;-0.10554857964517712;-0.4272026489221009;-0.4442528343246734;-0.3910708300499234;-0.33580189411476935;-0.10636791312340756;-0.179584743055225;-0.4354189832937136;-0.8093050767685194;0.22791407048468734;0.24073848796528305;0.1343736281702171;-0.1044668423735043;0.6747468380092847;0.5907881101423356;0.6647614509021941;0.8795779163200054;0.06006630782834591;0.06980106767825275;-0.01566952553900379;0.03394979260400067;0.12226932785968682;0.06410279001555544;-0.021367845613102253;-0.02255510871957403;-0.15907080436834728;-0.0446341599488196;0.13057931591052563;-0.08926722262683091;-0.24691395971889787;-0.09496826662951494;0.07597367291156314;0.2089276365326485;0.04510736121416727;-0.03323773287490774;-0.016619306391836064;-0.06647334012391162;0.07027574881508705;0.11870913868754672;0.1317667547146714;0.08760678435540095;0.006410682565743769;0.0619661979935357;0.07217492504036765;0.020892260029016108;-0.13770255889241498;-0.18518565897762554;-0.17094014252980202;0.014245186156176863;-0.004272910705104585;-0.12108436653732106;-0.16381845999961156;0.004273318017194033;0.03418747053779223;0.014244768684136305;-0.010445528819181163;0.15669639086439205
0.1555073415740254;0.02160413990354462;-0.03359526101963889;-0.057930076279462166;-0.007004064510818246;-0.00866626060570923;-0.061728546933318425;-0.015313593069360035;0.010685712524468894;0.009497609531130241;-0.08974374232909897;0.01068398172263467;-0.12939200201320006;-0.06338960792518948;0.06196589258907874;-0.018757072370375768;-0.08760625919383681;0.09354261491926974;0.14957288565750995;0.06006630782834591;0.571230033502933;0.280820142210771;0.17768394604567195;0.29757891110312595;0.3070790021473773;0.19929095016490958;0.06111121077787807;0.1707498870100768;-0.2794888301694742;-0.2058906486581559;-0.05431839516741843;-0.22469344641055325;-0.628784347460325;-0.31415613799634706;-0.09420605422775408;-0.24966511337972774;0.009781118379971442;0.04064464935750674;0.07616478801411761;-0.14093166524458395;-0.06885022023853606;-0.002848868168967535;-0.0023740888032365475;0.002849626430223312;-0.01839981497623981;-0.0010682567675194825;0.01840000811827317;0.0010685786708965284;0.05460524144538767;-0.011870934417440176;-0.011871692997029953;0.040360936749599244;-0.010683137082470597;0.030626343357619077;-0.06054231459416992;0.040599108319021436;0.02374138316722056;-0.023741611821595843;-0.023742241576170806;0.023741955185135676
0.018755271734579092;0.08665775861186956;-0.055081365867890884;-0.035968960465174414;-0.009734405031576616;-0.025403873253398677;-0.014244650167247535;-0.043328779735865214;0.0652907198001216;0.05104496255300393;-0.10161558514793818;-0.002373202255292463;-0.032763554625051663;-0.14007535729243473;0.021841699490999726;0.0014239960495440133;-0.06386514894672568;0.08380836187159535;0.12583104499862996;0.06980106767825275;0.280820142210771;0.46107035257480206;0.27027778070210823;0.18266952948376347;0.19050659869897069;0.32393673817349955;0.18024795224121976;0.09055066816468949;-0.20351586136014768;-0.2978189556872523;-0.013483019453236806;-0.10997447837102049;-0.3340985257775825;-0.5347701338805129;-0.22877382857779546;-0.1037022262175063;-0.03105450212758838;-0.08585211632567964;0.028681426038284257;-0.06571754050978597;0.00284886816896752;0.06885022023853601;-0.00284962643022331;0.0023740888032365505;0.001068256767519485;0.018399814976239805;-0.0010685786708965095;-0.01840000811827315;-0.05460524144538763;-0.040360936749599244;0.011871692997029946;0.011870934417440167;-0.03062634335761907;0.010683137082470607;-0.040599108319021415;0.060542314594169894;-0.02374138316722055;-0.023741955185135683;0.023742241576170768;0.023741611821595836
-0.025166821875222765;-0.038699506860656485;-0.22317391340769288;-0.09057444749755728;0.03371295833446924;-0.023029997698089003;-0.024216173037133623;-0.02053635540872507;0.10042897706893485;0.2291093651345262;-0.021369103595448947;0.14957294744610683;-0.044159223614253194;-0.062201404857829344;0.12345642043965256;0.04700774719136819;-0.17022761066954428;0.010208961954127991;0.06552670649197076;-0.01566952553900379;0.17768394604567195;0.27027778070210823;0.5446355485297455;0.29126197160644934;0.061111304731501115;0.1849965668439253;0.2773960916197604;0.15560080552964878;-0.1345715285419803;-0.4388466069846302;-0.12564073356531077;-0.20114009857654758;-0.06951673917167969;-0.1846196284199751;-0.467799732719875;-0.2562154010529212;0.12364608783866313;-0.09202235649969105;-0.065716189678499;-0.050521088236364;-0.0023742747918793893;0.0028484103509063253;-0.068852294726796;-0.0028491686121621005;0.018399800669404043;0.0010681852334679977;-0.018399993811437376;-0.0010685071368450247;-0.01187011924730477;0.040361222885815944;0.054607101331509464;-0.011870877190089408;-0.060540926833048736;0.04059789223967477;-0.01068449622992858;0.03062753082330253;-0.02374138316722056;0.023741669048811538;0.02374224157617077;-0.023742012412351386
-0.03585037248691315;-0.027540778418960625;-0.09342363033162912;-0.2920229769167767;-0.02196106854938636;0.05211274987731033;-0.021604555340920643;-0.04261577370477091;0.08855861291958944;0.1377020222241433;0.03323837063528247;0.2694682754103005;-0.021604662478481345;-0.10469981474083569;0.07763507030535843;0.11277081278652462;-0.19396885315755483;-0.03941164403366786;0.0892684233973874;0.03394979260400067;0.29757891110312595;0.18266952948376347;0.29126197160644934;0.7098716163568781;0.17549806121128608;0.01695199588725292;0.15631283648429278;0.2752564151323597;-0.16970878552857327;-0.2856602917694336;-0.23960137184974986;-0.4312460645749292;-0.2396971255310983;-0.0030410462457033877;-0.26666280201399983;-0.5257234239706815;0.1901225883636373;0.06628752369722368;-0.04007424488916034;-0.16039629295294042;-0.002848410350906321;0.0023742747918793937;0.0028491686121621023;0.068852294726796;-0.0010681852334679877;-0.018399800669404023;0.0010685071368450479;0.01839999381143739;0.011870119247304791;0.011870877190089387;-0.05460710133150944;-0.04036122288581593;-0.04059789223967478;0.06054092683304873;-0.030627530823302534;0.010684496229928614;0.023741383167220555;0.023742012412351368;-0.0237422415761708;-0.023741669048811538
-0.026234853191479703;-0.018162837115980802;0.026827727290274744;-0.03027071224543264;-0.16856666922062488;-0.05318185244592123;-0.007478830529932145;-0.02350486979680044;0.09235594538861995;-0.03181361984745037;-0.13722674938637983;0.0016620150157456975;0.18162388438906013;0.0695638157100574;-0.042497610451065475;-0.059117299928365195;-0.06528855839098559;0.07597378784918521;0.0930679590477884;0.12226932785968682;0.3070790021473773;0.19050659869897069;0.061111304731501115;0.17549806121128608;0.4943053579295338;0.27037235149923705;0.1603511945375524;0.24677043286577807;-0.10560377549133519;0.0045572015723569295;0.12174752504097221;-0.0037066070122705437;-0.5722786871214534;-0.3388461965483658;-0.07236294448218926;-0.16561938150117098;-0.1284907646900277;-0.19449285477572015;-0.078534787671369;-0.37236303094066353;-0.018399814976239805;-0.0010682567675194812;0.018400008118273175;0.0010685786708965238;-0.06885022023853603;-0.002848868168967523;-0.002374088803236547;0.002849626430223343;0.023741383167220555;-0.02374161182159585;-0.023742241576170792;0.023741955185135676;-0.010683137082470635;0.030626343357619077;-0.06054231459416991;0.04059910831902143;0.0546052414453877;-0.01187093441744019;-0.011871692997029957;0.040360936749599244
-0.019231213336105203;-0.0446347045997946;-0.02920286326785999;0.04522772628198494;-0.056030734836798504;-0.23741699540218286;-0.02065493050874054;-0.009853097689430487;0.11609727320807638;0.02540413900611314;-0.1609690636119678;-0.055554911094111335;0.10018994436347695;0.17094132945208845;-0.018518987083466186;-0.10303907035515629;-0.010683746306668424;0.1626305483503394;0.08119656741464754;0.06410279001555544;0.19929095016490958;0.32393673817349955;0.1849965668439253;0.01695199588725292;0.27037235149923705;0.6595482410480765;0.2930679590525727;0.15726488269793096;-0.10275502355141478;-0.09677428865918156;0.16923041503067704;0.14890519052426987;-0.3094060695762874;-0.695736862674459;-0.23399601485135915;0.004559735845767588;-0.2424504183259849;-0.3752137026364978;-0.12886733062379677;-0.24292531586913813;0.0010682567675194834;0.018399814976239798;-0.001068578670896516;-0.018400008118273147;0.002848868168967544;0.06885022023853604;-0.00284962643022333;0.0023740888032365696;-0.023741383167220555;-0.023741955185135673;0.02374224157617078;0.023741611821595832;-0.030626343357619077;0.010683137082470625;-0.040599108319021415;0.060542314594169866;-0.05460524144538771;-0.04036093674959925;0.011871692997029934;0.011870934417440169
-0.061728443208883876;-0.014244650307342089;-0.014956798890296372;-0.019348988686192874;-0.0097342108648819;-0.03276321976746534;0.1412645163217389;0.01863745349226839;0.14838617622279227;0.07051224838932531;-0.060779377693231565;0.096390869745757;0.08879402935810668;0.0161452779842362;-0.11158726131539208;-0.05745558518588899;-0.12274426214695817;-0.06291636074789898;0.009496432913309805;-0.021367845613102253;0.06111121077787807;0.18024795224121976;0.2773960916197604;0.15631283648429278;0.1603511945375524;0.2930679590525727;0.4677108112126569;0.2072159383132112;0.022031791389758953;-0.14757832627758288;0.009779935841732453;0.05773991352855048;-0.04482452661641661;-0.2401733735490501;-0.4264892873880144;-0.14795320560026703;-0.11225332748902732;-0.338652785158535;-0.2073118077841016;-0.22772899513619144;0.01839980066940404;0.0010681852334680016;-0.018399993811437382;-0.001068507136845019;-0.002374274791879379;0.002848410350906305;-0.068852294726796;-0.002849168612162092;-0.023741383167220555;0.02374166904881155;0.02374224157617077;-0.023742012412351396;-0.06054092683304874;0.04059789223967478;-0.010684496229928562;0.030627530823302513;-0.011870119247304783;0.04036122288581593;0.05460710133150943;-0.011870877190089396
-0.013176829305095237;-0.04332888346029977;-0.02041781013864021;-0.033356655552352295;-0.02991501561005753;-0.01210859290346359;0.01578828488010829;0.0724110120097911;0.12464498064423532;0.072649348571232;-0.03703693971418021;0.09425371786270273;0.056743188150671205;0.028253854910579954;-0.0268281667622289;-0.12227028217158854;-0.13461416960466657;-0.0332386155564896;0.06410268246931587;-0.02255510871957403;0.1707498870100768;0.09055066816468949;0.15560080552964878;0.2752564151323597;0.24677043286577807;0.15726488269793096;0.2072159383132112;0.3575465563892184;-0.006457789373850392;-0.05906804971612481;-0.015860165996256524;-0.07920128270750504;-0.19458726895730755;-0.08186197228389067;-0.2039844529776909;-0.3220221407684764;-0.04862584214346292;-0.17169939313071297;-0.13133942352831868;-0.3462478045193165;-0.0010681852334679873;-0.018399800669404026;0.0010685071368450386;0.01839999381143739;-0.002848410350906296;0.0023742747918793963;0.002849168612162112;0.06885229472679602;0.023741383167220555;0.023742012412351375;-0.023742241576170782;-0.02374166904881155;-0.04059789223967481;0.06054092683304873;-0.030627530823302534;0.010684496229928578;0.011870119247304786;0.01187087719008937;-0.05460710133150944;-0.04036122288581592
0.02493037504984126;0.06529080529079401;0.07644986220032757;0.06457925574780898;0.11775947613129611;0.14150093254230894;0.14838619760660474;0.12464485921457923;0.11396031037589756;-0.007124562008660761;0.10826203536464564;0.08784058683023392;-0.08784425346205574;-0.10208902647172373;-0.15432145034057165;-0.0830962093913374;-0.08831893356549815;-0.20655372716856019;-0.18518572957758325;-0.15907080436834728;-0.2794888301694742;-0.20351586136014768;-0.1345715285419803;-0.16970878552857327;-0.10560377549133519;-0.10275502355141478;0.022031791389758953;-0.006457789373850392;0.5789213471583624;0.1994369509504743;0.04216426529071696;0.10447032176476054;0.2953470798588954;0.12440872386939864;-0.01234566027930366;0.029438904610760864;-0.11738480105567929;-0.14054997899140695;-0.09344820375976592;-0.030389146790196588;0.04036057907921282;-0.04036057907921279;-0.011870261997090912;0.011870261997090922;0.023741525980685286;-0.023741525980685275;-0.023741525980685282;0.02374152598068529;-2.222614453595284E-17;0.09496610519633587;-8.714274961352242E-18;-0.09496610519633587;-0.014244946655830934;0.014244946655830924;0.07122557929173515;-0.07122557929173515;-5.637851296924623E-18;0.04748305196137058;1.4094628242311558E-18;-0.04748305196137058
0.00474920924913975;0.007122646308312697;0.2564125780229125;0.13770181583661248;-0.03941103821858386;0.01614492158474579;0.06600135326293302;0.06980023786985212;-0.07597563546268801;-0.3133925244943849;0.03324062733701861;-0.15669581217319123;0.0997149594284315;0.27065336368359066;-0.21367472146397867;-0.07122392443003878;0.1899332324482314;-0.08926890451753339;-0.14719822432256213;-0.0446341599488196;-0.2058906486581559;-0.2978189556872523;-0.4388466069846302;-0.2856602917694336;0.0045572015723569295;-0.09677428865918156;-0.14757832627758288;-0.05906804971612481;0.1994369509504743;0.9280235166070805;0.145293745687285;0.37284194818902483;-0.027538159900808937;-0.12344996164453413;0.16144000938531136;0.07502068038376031;-0.22317099267651258;0.029251173550182915;-0.0645796687489331;0.054510724397673876;-0.011870519838100668;-0.054605527581680705;0.05460681519521645;0.011871292406234059;-0.02374129732631003;-0.023741812371670945;0.023741812371720405;0.023742327417081318;0.09496553394246929;1.7168178245115576E-06;-0.09496896757831619;-3.433636467623267E-07;0.07122414899224064;-0.014243804021018922;0.014246379247823559;-0.07122672421904526;0.04748276633444114;8.584089007640083E-07;-0.04748448315234154;-1.716818210849248E-07
-0.07763572301712177;-0.08950737978363772;-0.023743285120598576;0.01661872522247707;-0.14767334249146022;-0.17141545650649545;-0.089981671055533;-0.06623950439659355;0.03418790540059411;-0.0213654405782245;-0.2564102511411372;-0.11633321983323963;0.17331420221241722;0.24453932172163886;0.011871155090656582;-0.002373739359023994;0.2478632189475668;0.17806372458167488;0.025641444195514465;0.13057931591052563;-0.05431839516741843;-0.013483019453236806;-0.12564073356531077;-0.23960137184974986;0.12174752504097221;0.16923041503067704;0.009779935841732453;-0.015860165996256524;0.04216426529071696;0.145293745687285;0.6700853189186939;0.16428620414353465;-0.13295351368145425;-0.2431137087134709;0.045587857272124846;0.17853718038273836;-0.26438685181629884;-0.26115875686644374;-0.07178865722873286;-0.12440727327010268;-0.011871549610438646;0.011871549610438644;0.04036158055620232;-0.0403615805562023;-0.02374209825326193;0.023742098253261915;0.02374209825326192;-0.02374209825326192;-1.1709383462843448E-17;-0.0949683942866731;-4.078971860797809E-17;0.09496839428667311;0.07122529315538458;-0.07122529315538458;-0.014245232792181515;0.014245232792181496;1.0842021724855044E-19;-0.047484196506523836;-1.4799359654427136E-17;0.047484196506523864
-0.0474828115788391;-0.007121287511320713;0.14957334115956916;0.31101634106866116;-0.007597230255095191;-0.06315208607951356;0.09354205982719035;0.08974285228391503;0.018989141229090834;-0.15669615553683802;-0.06172809497933274;-0.3133897025136304;0.2564095526802558;0.1709383973252811;-0.142449937553693;-0.1994266286047232;0.23741549985191185;-0.04463433163064073;-0.19468169655541745;-0.08926722262683091;-0.22469344641055325;-0.10997447837102049;-0.20114009857654758;-0.4312460645749292;-0.0037066070122705437;0.14890519052426987;0.05773991352855048;-0.07920128270750504;0.10447032176476054;0.37284194818902483;0.16428620414353465;1.0989554134872601;-0.12345094362988887;-0.2098717385095059;-0.02754172201152692;0.16143967299551054;-0.40930410569169146;-0.11642804383729664;-0.20133087893455306;0.02925074563437734;0.0546055275816807;0.011870519838100654;-0.011871292406234088;-0.05460681519521645;0.02374181237167095;0.023741297326310012;-0.023742327417081353;-0.023741812371720423;-0.09496553394246929;3.433636467850543E-07;0.09496896757831624;-1.716817824531734E-06;0.014243804021018923;-0.07122414899224062;0.07122672421904529;-0.014246379247823595;-0.04748276633444113;1.7168182110227203E-07;0.047484483152341606;-8.584089007881047E-07
