0.3806747090718088;0.26008254530389086;0.14649487978742326;0.21508808707173607;0.19145809552309326;0.13694200829218653;0.0546476997893162;0.12631397707620803;-0.497975908652226;-0.023131918905934277;-0.263598580738065;-0.16315332694012744;-0.1511090186577977;0.016786326509242586;0.0209145676880918;-0.09456183285212118;-0.21516401723043235;0.044083631082625016;-0.09046250044450063;-0.09432942277441785;-0.10132480117035396;-0.0017218366070725082;-0.003152633541096928;-0.00829871979887675;-0.03317816013756082;0.0022468777885894234;0.027033975245888964;-0.007945309043214062;0.09615278525096693;-0.054992031487930006;0.012771543362188135;0.06395477997871216;-0.013051940990875786;0.037473004807058716;-0.09049604730260197;0.0591289198109549;0.05138002164635155;-0.05198128274858305;-0.015181980871186794;0.031182835808641826;0.09121871915020259;-0.010385018489541596;-0.0013321706505806897;0.028802448245538504;-0.0006851288125874191;0.001796401039207118;-0.026810238977287668;0.002012773682256756;-0.06932603252546568;-0.05579508010401618;-0.029583880348645446;0.01860465969425976;-0.06418422405693626;0.026914920646488007;0.03430894547344112;-0.037547088630824975;0.023065305427696164;0.09090784001932463;0.02469888372236268;-0.046682034504891404
0.26008254530389086;0.4968454922450008;0.21440187269848635;0.15853078711569557;0.14413836333169702;0.21605881441912667;0.13039937399814802;0.03454051342716185;-0.5736406427337409;-0.21126463136688972;-0.2511679094704277;-0.033590333681228;-0.025679963562998745;-0.14528183210751916;-0.1371110693269599;0.0888249917994965;-0.2439519821091712;-0.12485323373025405;-0.0644831459836458;0.06720198973413169;-0.010319287224419734;0.09875402919605487;0.018734391125374502;0.003408914604232477;-0.0039840486329488735;0.03525602528309955;0.011708857815036085;-0.026592656090177517;-0.01598614045779336;-0.14124015214089775;0.037535694140935445;0.004397590657741384;-0.05920483019597389;0.00728094688944671;-0.03613414617299961;0.09445893966662333;-0.0262540158292867;-0.059052658386732425;0.0439085946749007;0.02332395107778483;-0.0009150529662116185;-0.13153776080999005;-0.02857058072852057;0.0003118756231616681;-0.00651208431136363;-0.006732753138676195;-0.0062121509750043494;0.03224073305302315;0.056830067862843225;-0.0012119819473262671;0.047535746682643557;0.06860238102826054;-0.010207089826983734;0.1005783826593259;0.03556554961069777;-0.04134163992972854;-0.009339634128145447;0.0472539562822905;-0.050464209374627034;-0.09587375466566889
0.14649487978742326;0.21440187269848635;0.3845345755831898;0.25126839635813447;0.055269758497338575;0.12913950123919557;0.19343578750417317;0.1353726182866215;-0.2690409706006817;-0.13213815099519632;-0.5036094131208996;-0.024384969144426782;0.038379235862705134;-0.08251935500436043;-0.17838938571024623;-0.003110532665522323;-0.09811091148526943;-0.08910979655819326;-0.22142086466631333;0.05353772413384157;-0.0037254387422465543;0.009365401115672323;-0.09391646405339221;-6.512945595620894E-05;0.02743879629911635;0.009993383363728755;-0.018727591070330042;0.000759849468228647;0.0034329002825740874;0.018848550749895165;0.09900986823313017;-0.030732174639484165;-0.08869509923272956;0.04847679831472759;-0.023451686273604385;0.062080438244590405;-0.024999195584861123;0.008594301864172954;0.04314589648329457;-0.04683340536652675;0.0019084176003636936;-0.030277280767813993;-0.08692425078970038;0.007032133062665323;0.02292687118453462;0.0011460017450899904;-0.004876581085911169;-0.003227950685214026;0.027906545618188602;-0.029580986426832673;0.06758381137185958;0.058551001172503295;-0.030273921342149533;0.03633415816798402;0.0693134803787065;-0.02195087578422878;-0.02230676507537463;0.04954216265462376;-0.024995750792812903;-0.08783022020648132
0.21508808707173607;0.15853078711569557;0.25126839635813447;0.46543623884660673;0.13148706912935867;0.03749454394939021;0.13720124594690394;0.21181864145432916;-0.26051350334213563;0.003616391762472283;-0.5595119058107902;-0.2012623570278205;-0.1227518679305198;0.10005223479815532;-0.042522258683341856;-0.1622985947788825;-0.07999293300661364;0.07646753521297134;-0.24841690003272482;-0.11119085103292477;-0.0004134849762659562;0.00302762436113709;-0.008785303776483552;0.0953755418674556;-0.006984488706703716;-0.026664060078318452;-0.0027135298826551084;0.018233106515806004;0.04870039828434235;-0.02156498318947919;-0.022388624818094893;-0.09488241714147407;-0.034802628093568225;0.08413688083276291;-0.07828002689401116;0.02853173433079123;0.0548051969546131;0.016600517344037686;-0.01572268384860487;-0.036208769085286835;0.028118110542055867;-0.0039976191237117995;-0.0021498080274772106;0.11474345917500729;-0.0023654251162953644;-0.032993075800886694;0.0012005311101023807;0.0042273089529529595;-0.04663461233464434;-0.06797865886661277;-0.06052909113024874;0.0093405753648906;-0.030496185773636324;0.043203112273506525;0.017115769238514877;-0.08899806879957557;0.04666499236757408;0.10117921243632393;0.01345355352246307;-0.043104080010302775
0.19145809552309326;0.14413836333169702;0.055269758497338575;0.13148706912935867;0.3906187861420966;0.23627464498260373;0.1314773884936345;0.2000929885165527;-0.22152854414289702;0.04654166927996468;-0.09505852758474426;-0.11836459764423533;-0.16719668887564607;0.012231325478866914;0.02241251542584544;-0.10042860060745956;-0.4386515236278764;-0.036899178640758076;-0.22258445975665675;-0.16129048392077894;-0.0325229116487164;-0.00034441550415330346;0.028141429617241052;-0.009543165611107482;-0.11702049469624236;0.001452192582219609;-0.002454593882534356;-0.013504479293863496;0.05347783519764583;-0.058743674126342287;-0.01682867454799925;0.03319270118790261;-0.006254181539289413;0.03647403264447746;-0.0908139760091842;0.06257103889803366;0.08809647037207823;-0.04489399093450314;0.011257836716989324;0.078261020577348;-0.009124023500885415;-0.0067452723966290335;0.022516733664400917;-0.005515975504424245;-0.10417616570727616;0.005176566698309314;-0.0022946415204587027;-0.031174938204308188;-0.027655817722226788;-0.08598740911316811;-0.023960228875574082;0.04910073728180993;0.08890232795495981;-0.019461807281909434;-0.02576155174969547;0.044009619412185494;0.059847563502633996;0.06076182943106917;0.029936759003119807;-0.018394305371932856
0.13694200829218653;0.21605881441912667;0.12913950123919557;0.03749454394939021;0.23627464498260373;0.44911249573773177;0.19965141286244337;0.12927447948826137;-0.24814690726631985;-0.13916908889119023;-0.06519554290455451;0.05913053395050778;-0.022151709247314154;-0.15771006529460593;-0.13521227003949443;0.08559024873953211;-0.4714678220805877;-0.21355516297833926;-0.20472842026859298;-0.02133169468998004;-0.000436374672786545;0.036060373924100934;0.013978838921673788;-0.026008763498862702;-0.007336538395407109;0.11669121917503726;0.02230903591984668;0.005057281126175581;-0.02682135850710111;-0.06307471735456797;0.04384809199011589;0.02406722865751871;-0.060774309208373484;-0.0006917087804171372;-0.039170554250331474;0.09331069356741441;-0.027810758777310665;-0.13791770113988616;0.03156843922346193;0.0031515820796991917;0.0028911644668721172;0.004340018262352217;0.004384429627019034;-0.03250017423548006;-0.0026975246608309956;0.12319497639301846;0.0248590329176434;-0.002391346607120939;0.009478310754274187;-0.04580275798363785;0.05064578164632661;0.09600889594285464;0.017330246551853;-0.10232433992986806;-0.033782637804502094;0.04080900826329698;-0.055759570571436184;0.009747530146659;-0.04462046823709626;-0.06381057494219725
0.0546476997893162;0.13039937399814802;0.19343578750417317;0.13720124594690394;0.1314773884936345;0.19965141286244337;0.34944348230639644;0.21402687270158594;-0.10255937439940775;-0.10289102221401926;-0.22352586821712114;0.04338608635213726;0.037761644639189344;-0.0841292515063325;-0.18377425467884514;0.0011001069935283132;-0.22232679770083447;-0.14743123824978205;-0.41359213698637326;-0.012301157634740802;0.027006062894013857;0.00848316096358955;-0.018425269824347282;0.0006987413571609808;-0.002708092618510771;0.013455131715764006;-0.0822797244397729;0.0038682146431655174;-0.022123994103604886;0.007360575772688189;0.04287394028651307;-0.04419033239988304;-0.08620267598154507;0.04635005059805271;-0.022524866634667018;0.06054591553862187;-0.0034176003393036024;0.018876336146216546;0.0859820924277286;-0.033627666001880274;-0.026361118798356904;-0.002810025657727529;0.0018236386353155999;0.0009839824525337598;-0.0047212796775480455;0.027275770328924965;0.08193054097858685;-0.00967728701255105;0.024183060930685996;-0.05017412934801354;0.027670158168108746;0.08910072291005176;0.03693769718681612;-0.03936172786226283;-0.06521885667250008;0.025639773803215943;-0.025240207956244685;0.02849508083529472;-0.06524736740568005;-0.05522842583864977
0.12631397707620803;0.03454051342716185;0.1353726182866215;0.21181864145432916;0.2000929885165527;0.12927447948826137;0.21402687270158594;0.41339170742691;-0.07352124833763239;0.08497829897491946;-0.2520413537694174;-0.13120473940482724;-0.12178168034557406;0.10184880800105729;-0.0340645858496608;-0.17744351704349406;-0.21321244463769695;7.505329334484955E-05;-0.4655254607938171;-0.18293892846483206;-0.004741485026668048;-0.02657323170338366;-0.0021742142917493806;0.018432508003245553;-0.005150339059246951;0.004834857605488522;-0.004660679317082345;0.092968740450597;0.056486065996185095;0.011100266494203748;-0.01759735906325035;-0.03510630721980829;-0.031451732906784775;0.08203563365814565;-0.07981435676497843;0.02656725274557959;0.044982685573106265;-0.01401887805261868;-0.02928720766004929;-0.08683221946093123;-0.0011930944684416572;0.03178681414641358;-0.003995742196670879;-0.004996651458815062;-0.03132332441354744;0.0008123005654643925;-0.0015151712202232644;-0.11472327713054437;-0.051406486827155255;-0.10084456181142717;-0.013132954764186392;0.04059073195568277;0.03927724309162845;-0.04198884572452467;-0.00968486742533151;0.09388403039914736;0.04305606590551747;0.06973369275967482;0.06331982273386257;-0.0076557241165237655
-0.497975908652226;-0.5736406427337409;-0.2690409706006817;-0.26051350334213563;-0.22152854414289702;-0.24814690726631985;-0.10255937439940775;-0.07352124833763239;1.140292573435972;0.1150649886229005;0.48550749558943285;0.02082067587517909;0.00100275459891698;0.020840238594620232;0.014073969474995554;-0.070013463060426;0.419875875190042;-0.007861002828446326;0.1687573399488952;-0.06143434596704054;0.11753500665874018;-0.03751526898568596;0.003440638187009365;0.04899485039295886;0.05316836678307926;-0.02690940650250631;-0.02215957865410731;0.05648965744156934;-0.05350046603219641;0.1608760843864348;-0.06857976886617981;-0.16346294384106547;0.0192457412689438;0.012209875913730194;0.09239883303603758;-0.13068073277105244;-0.024889856318263858;0.07445096062595208;-0.03149367738449238;-0.07961831533890554;-0.09111912344367888;0.08146990609421027;0.030585180509564616;-0.04426568522412592;-0.030103584617687675;0.008449395126730062;0.02470799949379679;-0.0515006433266079;-0.01182049457887279;0.011338910580261381;-0.0024379013840670066;-0.023367582039389722;0.15579114241731956;-0.14553439792913594;-0.05963645686735894;0.09005531165541757;0.009886286371643873;-0.09679473061910043;0.020019619843905025;0.12427684793717605
-0.023131918905934277;-0.21126463136688972;-0.13213815099519632;0.003616391762472283;0.04654166927996468;-0.13916908889119023;-0.10289102221401926;0.08497829897491946;0.1150649886229005;0.593081305666552;-0.04839878708084985;-0.16943827865442013;-0.15048254921008605;0.1903122088372244;0.18987936400742028;-0.22983209017169842;-0.006818617388191217;0.19233380861424107;-0.07820866156895935;-0.12403423931825966;-0.05368491205377238;-0.11815799256961361;-0.003652411793806304;-0.020857511623882295;-0.05796440333360467;-0.0629620837925097;0.007204489773524846;0.011459949662101988;0.15960755617346262;0.07790034653270018;-0.11602295962748949;0.06629534536272341;0.12583738873102526;0.007768599566367201;-0.037163413396001266;-0.0887389696445243;0.0822809805244992;0.04323234947150486;-0.0560563414155929;0.033673993452887296;-0.041210655435267904;0.0019159578798026884;-0.034859480241774765;-0.05259900261942818;-0.0868698996685492;-0.06230156198477595;-0.06674212235820069;-0.10168603297770959;-0.025104043558016282;-0.13412550607578616;-0.025806237126544968;-0.029648613061787062;0.09860801431630557;-0.0006230689946022194;0.05564594141157841;0.12358699032281464;0.09179104089535776;0.028004129845349012;0.13001241408022424;0.13201173535101066
-0.263598580738065;-0.2511679094704277;-0.5036094131208996;-0.5595119058107902;-0.09505852758474426;-0.06519554290455451;-0.22352586821712114;-0.2520413537694174;0.48550749558943285;-0.04839878708084985;1.166457180673745;0.10556161782192433;-0.01495927792529811;-0.09707138700420712;0.050967384949440135;0.0572490067888722;0.16883031290201736;-0.07963739396834402;0.4452918945176804;-0.026088945648393445;0.013815571685171037;0.03818981177874546;0.1220285241097973;-0.043646219332715695;-0.015670310207750712;0.04470245194699475;0.04341808745671257;-0.016577565523067442;-0.06833646636412685;-0.11502032216816888;-0.06594894062470963;0.11777514763840648;0.0876860085529013;-0.11023660133965046;0.054348758648648986;-0.02967105125572693;-0.02991319483582776;-0.061016620795755934;-0.028270534511017745;0.06234346514114017;-0.032099570391262246;0.045903107823715227;0.0908932636950847;-0.08208892079924462;-0.023723445381499137;0.05134727524437191;0.030694501914052593;-0.00998862607316273;0.005727187708720175;0.025883290123984864;0.02143486033714265;-0.020278702401069344;0.05898832765478799;-0.09168728561659054;-0.1573256158517802;0.14148927178674628;-0.01684447255927522;-0.1298351824712521;-0.0043335823681149065;0.09584431762464461
-0.16315332694012744;-0.033590333681228;-0.024384969144426782;-0.2012623570278205;-0.11836459764423533;0.05913053395050778;0.04338608635213726;-0.13120473940482724;0.02082067587517909;-0.16943827865442013;0.10556161782192433;0.5514044481996676;0.1936293102672197;-0.2100477008624157;-0.13088053758308163;0.18880471208028332;-0.03890521835405804;-0.11400898385678482;-0.011960914981863274;0.18446457358836993;0.04509335368839292;0.004830372001019746;-0.030984598183520163;-0.07329440235161372;0.034867750980339576;0.025152160630942992;-0.043829829777252236;-0.03421138057594921;-0.16180931746878432;0.06760137742558144;0.11862062842180252;0.030840718968389948;-0.026225188570289958;-0.09077797566269788;0.11605137486464136;0.0016469026761960193;-0.07998314886799149;0.027440688095579566;0.058341056438608034;0.010629457266604919;0.020287852852081425;0.05435790658640064;0.04345129747151098;0.007090698050676491;0.0646626604749141;0.09669841878225877;0.08967330643635743;0.0559386987363906;0.026004452720838594;0.02298954549447734;0.017207476678652817;0.1256916110161673;-0.030758828628371666;-0.11966752309422693;-0.10217793891580793;-0.0030574504437208268;-0.11775880393227199;-0.13310956764417956;-0.09514645458390081;-0.022377358058246827
-0.1511090186577977;-0.025679963562998745;0.038379235862705134;-0.1227518679305198;-0.16719668887564607;-0.022151709247314154;0.037761644639189344;-0.12178168034557406;0.00100275459891698;-0.15048254921008605;-0.01495927792529811;0.1936293102672197;0.5313819807975219;-0.16313731392640587;-0.07612572662363326;0.1828683925405811;0.022609973763332396;-0.13881329525376412;-0.02025859563341883;0.16681439472299034;-0.015592323720640006;-0.04474204288031072;-0.08984434425860917;-0.05147053255317101;-0.006492620907268126;-0.04561325765056009;-0.08662749089159319;-0.047329719644777224;-0.025191911343940717;0.12718560843318114;0.08944736944646253;0.02088938300687114;-0.14110491365453165;0.009425234775269156;0.12571221996729184;0.0024707973611795835;-0.03160873862630833;0.11622096721308123;0.08472955954911589;0.009536756379257756;-0.04394964991192002;-0.010430102092858006;-0.029909691613112716;-0.03054383825482364;0.06708549858714583;0.018452831259037718;0.03741886541882298;0.039256710523800885;0.15173976956483934;0.09776222573106066;0.05922044430599898;0.012987808523076416;-0.016938712054805904;-0.006346662389045245;-0.005235780700620469;-0.0075791478271026525;-0.14448637164333517;-0.10573058422178032;-0.0637090222909166;-0.01906459091346209
0.016786326509242586;-0.14528183210751916;-0.08251935500436043;0.10005223479815532;0.012231325478866914;-0.15771006529460593;-0.0841292515063325;0.10184880800105729;0.020840238594620232;0.1903122088372244;-0.09707138700420712;-0.2100477008624157;-0.16313731392640587;0.6133986005800137;0.1777296988393015;-0.16760159825855153;0.015098069484264856;0.16583891137261933;-0.09775327097086602;-0.20888464756010158;0.021280110519746504;0.005757297265532528;0.06343994032975037;0.08345326327903292;0.020867726871240336;0.0006033208594801165;0.06155905919727248;0.08175854455639973;0.05612531705873408;-0.03764204208522786;-0.10932525528488012;-0.08954728279906883;0.06198787283977604;0.13274461786241246;-0.07020903394927229;-0.12520044777592587;0.06637830368983487;-0.0315575550472819;-0.10600387479634647;-0.08646988259120919;0.027178308943668558;0.07256321676775422;0.03530188497341098;0.04240832640350602;-0.020484018264458878;-0.07582773240887311;-0.0405301035501416;-0.04283203283146295;-0.15269414527505348;-0.044383834646614446;-0.09062214720208475;-0.11865602775127738;-0.006870436190257606;0.0008794623093653746;0.004960750987230292;-4.70476792756631E-05;0.14447783365268976;0.055016602209075456;0.0916088519005454;0.11855228765225373
0.0209145676880918;-0.1371110693269599;-0.17838938571024623;-0.042522258683341856;0.02241251542584544;-0.13521227003949443;-0.18377425467884514;-0.0340645858496608;0.014073969474995554;0.18987936400742028;0.050967384949440135;-0.13088053758308163;-0.07612572662363326;0.1777296988393015;0.49906295191327915;-0.13455221801334455;0.005001798157875914;0.16241744877822692;0.04696090109543831;-0.13678829382130703;-0.09026714288647017;-0.051459445003394166;-0.023716162755020427;-0.06273624321430461;-0.09033808549834059;-0.05411699985026244;-0.02220220273426386;-0.0640702692226539;0.0922048925546993;0.006225138008343446;0.010629959608622862;0.1161419032245274;0.12511053223803464;-0.017522987652200468;-0.11266841157209066;0.006104052579695011;0.09500072359446825;0.007258980664780274;0.011922608271318736;0.11849915964451134;0.033459798363648006;0.03503779589215098;0.05091802838075608;0.01564859005404458;-0.026671532631649102;-0.03428907941514338;-0.049584363998120606;-0.01037825021789871;-0.058614270161026404;0.009912263820101574;-0.14735311447239466;-0.10122946225571533;-0.004524980992508785;0.0038397368479760967;0.005412941147071604;-0.003580197500961856;0.051891515927604305;-0.00575433287618544;0.13994875848631713;0.09591015560193389
-0.09456183285212118;0.0888249917994965;-0.003110532665522323;-0.1622985947788825;-0.10042860060745956;0.08559024873953211;0.0011001069935283132;-0.17744351704349406;-0.070013463060426;-0.22983209017169842;0.0572490067888722;0.18880471208028332;0.1828683925405811;-0.16760159825855153;-0.13455221801334455;0.5897735252511849;-0.060766842761604635;-0.21137329636549662;0.053663496129902746;0.16410810625522024;0.07459115878206608;0.09466525181303352;0.046807133037586525;0.028877198283015118;0.078457254918736;0.0940018667954417;0.04567252499504982;0.026839827693634768;-0.13090494953305318;-0.08853669373151404;0.01500154081682968;-0.04059528505929028;-0.050736564291091066;-0.12572378504237602;0.05862300179933464;0.11973915207393128;-0.12839327882335966;-0.09353276384073451;0.012338310074722306;-0.03719090076196254;-0.037185996028692506;-0.040777268400559646;-0.021036324341590064;-0.06464170924557601;0.04455512976768675;0.0414707382730053;0.02582745719500486;0.0720754400368484;0.08975482237753202;0.12265883119578683;0.14779132923101648;0.03971579465292329;-0.008134740487900163;-0.0008309333354068497;-0.0051090277855273215;-0.012735233172487965;-0.08435292118949768;-0.12086798369643646;-0.15149995471289932;-0.0366774503332299
-0.21516401723043235;-0.2439519821091712;-0.09811091148526943;-0.07999293300661364;-0.4386515236278764;-0.4714678220805877;-0.22232679770083447;-0.21321244463769695;0.419875875190042;-0.006818617388191217;0.16883031290201736;-0.03890521835405804;0.022609973763332396;0.015098069484264856;0.005001798157875914;-0.060766842761604635;0.9482368580561726;0.10272566452000524;0.3880204899275599;0.018970068381065863;0.05033468739006681;-0.026987789672193552;-0.025928641403307934;0.05363703880667662;0.10936712329760637;-0.05101223240733729;-0.004042056836762488;0.043934816542504584;-0.025169722374468653;0.08332617547836993;-0.028791359215226096;-0.07823158197281321;0.011962008582170634;0.02269610421943618;0.09574371543242026;-0.12714426073093468;-0.04316107501747721;0.15167367308482949;-0.05597184056294689;-0.1562347826406129;0.025034323812903478;-0.007015478609978677;-0.021575851843673558;0.04661504454040781;0.08115827893655667;-0.07558142359110825;-0.025904419005792913;0.041018915885157596;0.0033695108033412356;0.09049513090779197;-0.016774798336893902;-0.11740397564016797;-0.1487347143240743;0.13805997556168076;0.05056758689116467;-0.08403778973631928;0.018088221115219405;-0.025373686118437717;0.0037663622721284696;0.024228786480094515
0.044083631082625016;-0.12485323373025405;-0.08910979655819326;0.07646753521297134;-0.036899178640758076;-0.21355516297833926;-0.14743123824978205;7.505329334484955E-05;-0.007861002828446326;0.19233380861424107;-0.07963739396834402;-0.11400898385678482;-0.13881329525376412;0.16583891137261933;0.16241744877822692;-0.21137329636549662;0.10272566452000524;0.565369379236088;-0.030196453770164604;-0.11557239590979444;-0.05211649268749275;-0.05859093520158711;0.008634731225928723;0.016205262137560846;-0.04540182709324636;-0.11623835718001707;-0.002789373921607324;-0.014740077428465491;0.07452410947236288;0.04192500529298109;-0.06038788986178383;0.027959454919195985;0.11602597157083079;0.010628478268507404;-0.03733470800712943;-0.09298092708532603;0.1525431507695741;0.09336487677231492;-0.11813651047776794;0.056906058515166655;0.09007860330276728;0.06190592235423622;0.06434119646014917;0.10040342764408804;0.045255863905604314;0.0029390406748797293;0.033637429347067864;0.05296356314101319;-0.09583323035786684;-0.025440264047977862;-0.1287869895227185;-0.13232826592259397;-0.10481439551209729;0.009775940543401359;-0.04919000344134546;-0.11990143700262389;0.013163966763586393;0.13249928730497404;0.02568915881166293;0.02364118555379324
-0.09046250044450063;-0.0644831459836458;-0.22142086466631333;-0.24841690003272482;-0.22258445975665675;-0.20472842026859298;-0.41359213698637326;-0.4655254607938171;0.1687573399488952;-0.07820866156895935;0.4452918945176804;-0.011960914981863274;-0.02025859563341883;-0.09775327097086602;0.04696090109543831;0.053663496129902746;0.3880204899275599;-0.030196453770164604;1.00501353929489;0.061884124943530044;-0.015175778508883072;0.043888680979211094;0.04294567935856497;-0.016001738004977995;0.011548642576093135;0.031715117727306494;0.10733493240738694;-0.050649841451789905;-0.031496289066143414;-0.05580562302993243;-0.02746355204285745;0.05868846331366793;0.08435277258976027;-0.10616645024460605;0.05605397775896682;-0.030332584675593476;-0.056815386585259024;-0.11946426609943153;-0.04907791593377176;0.12192115893228839;0.024606204554906655;-0.04993041244180883;-0.026433521136214215;0.01115481914901748;0.032376611729672364;-0.042278996246982545;-0.08652416344476647;0.08473924230573018;0.02001814331599252;0.12898662080844295;0.0038646882537901363;-0.09483742698040641;-0.06352166852786889;0.0906325044204827;0.14523449927381854;-0.1455717852832708;-0.0027835948252920364;-0.026188654339377504;-0.019936863114234177;0.016393752528368274
-0.09432942277441785;0.06720198973413169;0.05353772413384157;-0.11119085103292477;-0.16129048392077894;-0.02133169468998004;-0.012301157634740802;-0.18293892846483206;-0.06143434596704054;-0.12403423931825966;-0.026088945648393445;0.18446457358836993;0.16681439472299034;-0.20888464756010158;-0.13678829382130703;0.16410810625522024;0.018970068381065863;-0.11557239590979444;0.061884124943530044;0.5392044249834214;0.030664481700518144;0.02307095472929751;-0.04757126203159312;-0.037160893285870536;0.05651374756062007;0.0034117919874182227;-0.03375431140275722;-0.06574868982622491;-0.07937124501976023;0.034271110739681206;0.06359574764587066;0.012545608157230222;-0.03370423170838983;-0.08658074962844642;0.11912934571953042;0.007593136445472474;-0.15822128351927625;0.05572206576305773;0.12200817360163696;0.013586502371984893;-0.06162321864475248;-0.09537440701641685;-0.08742823184789705;-0.05804284705872924;-0.01768750132282164;-0.048755093543851574;-0.03895570867552773;-0.006893001250593349;0.12407726168307194;0.13129835170950546;0.09603304648781892;0.029455136509926767;0.02362489854392;0.11760839872736183;0.0949972728022456;0.006873756147296504;-0.02306045004865017;-0.029486601937909463;-0.02250051149630929;-0.13416054976768815
-0.10132480117035396;-0.010319287224419734;-0.0037254387422465543;-0.0004134849762659562;-0.0325229116487164;-0.000436374672786545;0.027006062894013857;-0.004741485026668048;0.11753500665874018;-0.05368491205377238;0.013815571685171037;0.04509335368839292;-0.015592323720640006;0.021280110519746504;-0.09026714288647017;0.07459115878206608;0.05033468739006681;-0.05211649268749275;-0.015175778508883072;0.030664481700518144;0.3547055282434017;0.1763670187319595;0.12041337507470207;0.20297524373295633;0.18556447316481622;0.1113205598809811;0.036550745307351785;0.12425163992957915;-0.21461708063409612;-0.14330511790021766;-0.05596040333722833;-0.3689973328520403;-0.1582681407729328;-0.09608079185018273;0.06806945044996489;-0.03787534897139322;-0.11284011357481867;-0.039566567758232675;0.03332932216355437;-0.1860364590281246;-0.08971561152083216;-0.016927914764693797;0.0030128557961046332;0.001031003145388137;0.0017843321268996397;0.0023051811025488504;0.02847138741829912;-0.003080106033781407;-0.004602604916974823;0.03975684637342323;0.055359554651464665;0.05437680889043031;0.0666766703956318;0.019768386318648048;-0.03842516014961994;-0.014025055675118053;0.04197866735178988;-0.04682087176689514;-0.08501344413801769;-0.01591092460469527
-0.0017218366070725082;0.09875402919605487;0.009365401115672323;0.00302762436113709;-0.00034441550415330346;0.036060373924100934;0.00848316096358955;-0.02657323170338366;-0.03751526898568596;-0.11815799256961361;0.03818981177874546;0.004830372001019746;-0.04474204288031072;0.005757297265532528;-0.051459445003394166;0.09466525181303352;-0.026987789672193552;-0.05859093520158711;0.043888680979211094;0.02307095472929751;0.1763670187319595;0.3169666177357995;0.19270328064935682;0.12087835823436;0.11295904097186875;0.17210102396916474;0.11789706604881954;0.04660803445995065;-0.1968464969353464;-0.3158577446335571;-0.05828165621853356;-0.16350067411971797;-0.08384044116434361;-0.16155394847466067;-0.017151354392635314;0.033938686375441646;-0.09700030469378615;-0.16528839587045752;0.023516401796993176;-0.054614512470675794;-0.018033841231463267;-0.059760184269782426;0.007231116342303877;0.0025573660693818437;0.0032537279159329142;0.005964354632250822;-0.001697937735867067;0.021292414486318374;-0.021177327363069508;0.05973485078303871;0.046605485391920234;0.02649326694272199;0.023080256987182513;0.04042818399755677;-0.023562077452326125;-0.028488428097532256;0.04383833915952614;-0.025878581412810943;-0.0765455227250537;-0.025335462420228903
-0.003152633541096928;0.018734391125374502;-0.09391646405339221;-0.008785303776483552;0.028141429617241052;0.013978838921673788;-0.018425269824347282;-0.0021742142917493806;0.003440638187009365;-0.003652411793806304;0.1220285241097973;-0.030984598183520163;-0.08984434425860917;0.06343994032975037;-0.023716162755020427;0.046807133037586525;-0.025928641403307934;0.008634731225928723;0.04294567935856497;-0.04757126203159312;0.12041337507470207;0.19270328064935682;0.3858536092076714;0.19487283724492774;0.033575492262581726;0.11830022203349147;0.183638489788962;0.11676952599655017;-0.052605298229973944;-0.36338290936512546;-0.23053445565236388;-0.1750417189714;0.05967682245255963;-0.04556850687241371;-0.14941133076701194;-0.09948877851758334;0.05431472359007451;-0.18323589971651774;-0.11529549576945027;-0.04555398443903731;0.0012574058524912122;0.0016804894201946359;0.1017499998579954;0.026746815561283867;-0.025509012371498854;0.005105757063602542;0.0007452066184744533;0.000401785552296078;-0.05818152196798583;-0.0388975533028601;0.0024748957164434935;-0.03205679852128944;0.02613817576332063;0.0014709958045191;-0.08475955130334342;-0.034743891346045074;0.08643702551571267;0.016528660525851148;-0.03832071600830806;0.041731831569145526
-0.00829871979887675;0.003408914604232477;-6.512945595620894E-05;0.0953755418674556;-0.009543165611107482;-0.026008763498862702;0.0006987413571609808;0.018432508003245553;0.04899485039295886;-0.020857511623882295;-0.043646219332715695;-0.07329440235161372;-0.05147053255317101;0.08345326327903292;-0.06273624321430461;0.028877198283015118;0.05363703880667662;0.016205262137560846;-0.016001738004977995;-0.037160893285870536;0.20297524373295633;0.12087835823436;0.19487283724492774;0.35479971460467774;0.12383344007130057;0.04509671206733558;0.11642644372983492;0.17804480182545857;-0.06439993940049678;-0.17083726317417355;-0.20146919299872576;-0.3634741103953007;-0.028586971471257213;0.02605831080255804;-0.07294565164525851;-0.15669128620785883;0.03521989016183361;-0.05678391955050871;-0.10480965895591905;-0.178207758675744;-0.004842717891217764;0.0017054012800862151;0.02789145670002305;0.08016947533261409;0.0049769729137819465;-0.019482248012684285;9.726501823160066E-05;0.0001768449965887415;-0.048425902394179605;-0.017136176142998446;0.01745456390119261;-0.047314176426653747;0.010837619311373064;0.01866856164332279;-0.039824233144787606;-0.06647902460436557;0.07941264054247905;0.02128727263280518;-0.042569732694343825;0.02339613703873249
-0.03317816013756082;-0.0039840486329488735;0.02743879629911635;-0.006984488706703716;-0.11702049469624236;-0.007336538395407109;-0.002708092618510771;-0.005150339059246951;0.05316836678307926;-0.05796440333360467;-0.015670310207750712;0.034867750980339576;-0.006492620907268126;0.020867726871240336;-0.09033808549834059;0.078457254918736;0.10936712329760637;-0.04540182709324636;0.011548642576093135;0.05651374756062007;0.18556447316481622;0.11295904097186875;0.033575492262581726;0.12383344007130057;0.3882621766706783;0.17859843311848755;0.12487979619812656;0.2150671280238009;-0.12399841877974248;-0.033375550032954414;0.03289378266998124;-0.19443306728525495;-0.16676684855508658;-0.09910704794739573;0.07310432631983028;-0.03973379515183869;-0.18781791542076087;-0.17174998390945076;-0.04252534573199966;-0.40923011665698794;0.008550699977022715;0.004975951140690456;-0.027937962150771864;0.002735399378269299;0.10488038418151421;0.023078844549419168;-0.0025806898777642234;-0.0018500379757274029;-0.034860817424086726;0.0449078420586049;0.08119793593500207;0.011542222293263056;-0.08618441873978153;-0.029109226163035417;0.03784166000630082;0.014430692970107344;0.010957208688475209;-0.0439489904426651;-0.062182924917702165;-0.05644377348713482
0.0022468777885894234;0.03525602528309955;0.009993383363728755;-0.026664060078318452;0.001452192582219609;0.11669121917503726;0.013455131715764006;0.004834857605488522;-0.02690940650250631;-0.0629620837925097;0.04470245194699475;0.025152160630942992;-0.04561325765056009;0.0006033208594801165;-0.05411699985026244;0.0940018667954417;-0.05101223240733729;-0.11623835718001707;0.031715117727306494;0.0034117919874182227;0.1113205598809811;0.17210102396916474;0.11830022203349147;0.04509671206733558;0.17859843311848755;0.34479446442860884;0.20807875621763156;0.12392909132775042;-0.10844522871154208;-0.17028708185507338;0.0229696948452955;-0.05565133505125735;-0.08479061146835441;-0.17092588347549154;-0.019734839627678892;0.0368390786049944;-0.1543636524694591;-0.37111720620227845;-0.04445707319874405;-0.18225512443386188;0.0039618160066008596;0.010606156896161956;0.0020845078018206483;-0.02205739815194349;0.024011747232379373;0.08347329996360292;-0.008472113411839354;-0.003148161442473637;-0.04126960158939745;0.02279162393790899;0.07273279976905772;0.024492663622567856;-0.03429009568005483;-0.0733546777015856;0.02177521565385819;0.03155489490902982;0.022945686454921448;-0.05589423475295387;-0.05338965803263554;-0.028554471485026
0.027033975245888964;0.011708857815036085;-0.018727591070330042;-0.0027135298826551084;-0.002454593882534356;0.02230903591984668;-0.0822797244397729;-0.004660679317082345;-0.02215957865410731;0.007204489773524846;0.04341808745671257;-0.043829829777252236;-0.08662749089159319;0.06155905919727248;-0.02220220273426386;0.04567252499504982;-0.004042056836762488;-0.002789373921607324;0.10733493240738694;-0.03375431140275722;0.036550745307351785;0.11789706604881954;0.183638489788962;0.11642644372983492;0.12487979619812656;0.20807875621763156;0.3908778875063588;0.18639999772286076;0.03494024663594756;-0.19260419874320678;-0.11467078599511617;-0.05220807466340557;0.057112225844080884;-0.05208803137675525;-0.14436128004381818;-0.0930647673478349;-0.027512468537597923;-0.40353910992603637;-0.1912868714912306;-0.1854660668749728;0.02840752231935725;-0.002429599289903551;-0.00945348090492892;-0.003939296179259814;0.0020186048584324113;0.0008580805869500569;-0.11574055449872689;-0.02860344847314364;-0.08437881672046248;0.0020926429076239808;0.03826956465181253;-0.03454831624608888;-0.039810955455241395;-0.016333047615264232;0.08886099888600991;0.03332858378380584;0.05552336060987457;0.05635174608791077;-0.00882308677164054;0.038349497462883
-0.007945309043214062;-0.026592656090177517;0.000759849468228647;0.018233106515806004;-0.013504479293863496;0.005057281126175581;0.0038682146431655174;0.092968740450597;0.05648965744156934;0.011459949662101988;-0.016577565523067442;-0.03421138057594921;-0.047329719644777224;0.08175854455639973;-0.0640702692226539;0.026839827693634768;0.043934816542504584;-0.014740077428465491;-0.050649841451789905;-0.06574868982622491;0.12425163992957915;0.04660803445995065;0.11676952599655017;0.17804480182545857;0.2150671280238009;0.12392909132775042;0.18639999772286076;0.3604542621319986;0.019873591979081343;-0.057923324582614164;-0.10531009775399255;-0.1900769461604791;-0.03372472014430168;0.02436243445824693;-0.06647847376657136;-0.1553637060669637;-0.040585224689370966;-0.18827480833712498;-0.16660124375247248;-0.3914219626013867;-0.0030772644246397397;0.021374749747362705;-0.003432327881344973;-0.008256257485865328;0.007516042453827963;0.0008946618483626914;-0.029497636484134136;-0.0924662880155103;-0.0746198770855046;-0.011984906224725233;0.04310457194348962;-0.011555264971211239;-0.023029709007352673;-0.030094716862368795;0.03701908586528323;0.07129721601733784;0.0487753104289263;0.024833366722013757;-0.02334732807939971;0.05654657149545263
0.09615278525096693;-0.01598614045779336;0.0034329002825740874;0.04870039828434235;0.05347783519764583;-0.02682135850710111;-0.022123994103604886;0.056486065996185095;-0.05350046603219641;0.15960755617346262;-0.06833646636412685;-0.16180931746878432;-0.025191911343940717;0.05612531705873408;0.0922048925546993;-0.13090494953305318;-0.025169722374468653;0.07452410947236288;-0.031496289066143414;-0.07937124501976023;-0.21461708063409612;-0.1968464969353464;-0.052605298229973944;-0.06439993940049678;-0.12399841877974248;-0.10844522871154208;0.03494024663594756;0.019873591979081343;0.5826776269309998;-0.008229525546632548;-0.0021183476067316398;0.06363561682082067;0.14223692546372418;0.13534825078063437;-0.15096255014170853;-0.11034548943445226;0.191003482550433;-0.05466357123237931;-0.05737506341596412;-0.025108731092574933;-0.004652960515729233;-0.02639588423918769;-0.045132017321294106;-0.03542368658318934;-0.048426507434849254;-0.054944340064963466;-0.08444747106096522;-0.07460191132329996;-0.11685850021938564;-0.019291935607803623;-0.02226521995795308;-0.020196606718640427;0.002467812107907366;0.03800093084843031;0.10416804795543373;0.08474143892259703;0.01101327833925914;0.11313727466662564;0.11255112563894308;0.08655713256806473
-0.054992031487930006;-0.14124015214089775;0.018848550749895165;-0.02156498318947919;-0.058743674126342287;-0.06307471735456797;0.007360575772688189;0.011100266494203748;0.1608760843864348;0.07790034653270018;-0.11502032216816888;0.06760137742558144;0.12718560843318114;-0.03764204208522786;0.006225138008343446;-0.08853669373151404;0.08332617547836993;0.04192500529298109;-0.05580562302993243;0.034271110739681206;-0.14330511790021766;-0.3158577446335571;-0.36338290936512546;-0.17083726317417355;-0.033375550032954414;-0.17028708185507338;-0.19260419874320678;-0.057923324582614164;-0.008229525546632548;0.791784393110558;0.07471100995808148;0.26251630502670903;-0.08072380155948422;0.05137536156182208;0.06722176016918219;-0.033705569902791555;-0.07367132390650855;0.31968923313776104;-0.02008413128726588;0.09668947952549163;0.03492126130766731;0.07519859261241646;-0.0551971053999989;-0.020376027381893792;0.042211543354905796;0.023200915857740152;0.004313515231723581;-0.012904516378226925;0.02460574127834301;0.012757456619175597;-0.021018216820556667;-0.004034969582836873;-0.06642659138752804;-0.11558707598141815;0.10617554898002887;0.044587843831814244;-0.11076369135247273;-0.015834239810441735;0.0720818613078793;-0.01791184628632045
0.012771543362188135;0.037535694140935445;0.09900986823313017;-0.022388624818094893;-0.01682867454799925;0.04384809199011589;0.04287394028651307;-0.01759735906325035;-0.06857976886617981;-0.11602295962748949;-0.06594894062470963;0.11862062842180252;0.08944736944646253;-0.10932525528488012;0.010629959608622862;0.01500154081682968;-0.028791359215226096;-0.06038788986178383;-0.02746355204285745;0.06359574764587066;-0.05596040333722833;-0.05828165621853356;-0.23053445565236388;-0.20146919299872576;0.03289378266998124;0.0229696948452955;-0.11467078599511617;-0.10531009775399255;-0.0021183476067316398;0.07471100995808148;0.5524731794377615;0.04538149430340933;-0.1347823420779708;-0.09934548213414097;0.11223410928742628;0.12744816746442272;-0.07038130920703746;-0.024418339479374516;0.17391210073783336;-0.044751126242995994;0.04060949730590139;0.0317018101671033;-0.003836540172801502;0.016603782070348624;0.07739458066535898;0.06881305839530295;0.04669092147980165;0.05162173405434673;0.020982523035574383;0.006834323576211653;0.09692294300505384;0.013573645587862374;-0.08774821249066297;-0.07076914920117358;0.01635934731580902;-0.01863276740367362;-0.11142766766827412;-0.07638825926568188;-0.01858812226784102;-0.10071744818856622
0.06395477997871216;0.004397590657741384;-0.030732174639484165;-0.09488241714147407;0.03319270118790261;0.02406722865751871;-0.04419033239988304;-0.03510630721980829;-0.16346294384106547;0.06629534536272341;0.11777514763840648;0.030840718968389948;0.02088938300687114;-0.08954728279906883;0.1161419032245274;-0.04059528505929028;-0.07823158197281321;0.027959454919195985;0.05868846331366793;0.012545608157230222;-0.3689973328520403;-0.16350067411971797;-0.1750417189714;-0.3634741103953007;-0.19443306728525495;-0.05565133505125735;-0.05220807466340557;-0.1900769461604791;0.06363561682082067;0.26251630502670903;0.04538149430340933;0.8082369458586082;0.05693795141589542;-0.03335340487847737;-0.06673458393505861;0.06275007857784624;-0.0323909697927704;0.10081188740420198;-0.036120072837075835;0.33171201153474755;0.07035883964979721;0.025068606724811118;-0.031555588160630116;-0.06452275043311469;0.008038408582671241;0.021596829212651682;-0.03568562685091808;-0.01326685733110892;0.013422116759041302;-0.01032077368243314;-0.025183756818445795;-0.012973545228393639;-0.11219440976919166;-0.043211864943125844;0.07165015474945156;0.11823229639550253;-0.0878134395320381;0.01206763075130228;0.09896488128705136;-0.0026711513628803482
